-9.6961 6.0031
11.9126 0.2844
-3.9586 0.0571
-3.6131 -1.3299
-1.6446 -3.0697
-9.0433 -8.0838
-2.9757 -1.5796
13.4308 -6.4078
1.9012 0.9898
3.8303 13.9523
3.0094 2.1778
-14.0372 4.3083
-8.3187 -9.0107
2.3697 3.5106
-3.8776 -0.1948
14.6961 3.9808
10.0703 -6.6664
2.0018 -2.9854
-2.6666 -3.6212
-8.9181 -5.1248
-2.6104 -1.9813
-2.0545 1.5455
-0.8889 -0.6104
-0.2708 -2.3421
6.2891 7.8661
10.1613 4.0626
9.4154 -12.3682
1.1089 -3.9950
5.9987 -13.6010
9.8499 8.2545
-12.2202 2.4065
-3.4813 0.4968
-13.2403 8.1238
-1.0037 -1.7027
-2.4000 1.4622
12.1793 -2.0449
3.0401 -1.2044
3.8002 2.4534
3.1612 3.3690
2.5325 3.0672
-3.7438 0.4934
-3.5018 -0.8113
3.8700 2.0477
6.2146 -14.4491
13.4358 7.2966
2.8875 -1.6277
-3.0863 2.5858
-3.6407 1.1624
-5.7057 -10.9312
-8.2259 -5.9147
-8.0964 -10.3752
-2.3397 -0.8531
3.8749 -1.1875
-3.4872 0.5445
-11.1159 9.4047
-9.9785 -2.8565
5.2582 9.8815
1.8531 1.6438
-0.0171 1.1099
-3.2730 -0.7849
-1.3138 1.1661
10.0986 11.9721
-1.8355 -2.5069
7.6995 -6.8362
2.7101 -15.0313
-11.1321 -0.2562
0.0928 -2.8324
-4.0868 -9.6519
-13.8125 2.9464
2.1688 1.1639
11.7986 -5.6903
1.1228 -2.0186
-0.5706 0.8423
0.8767 3.8878
2.7594 -3.4364
10.8010 -2.5772
0.2774 0.1677
-1.9537 -1.0523
-2.7765 1.6153
-3.7347 -1.6082
-3.3797 3.2411
11.7900 -1.4393
0.1564 -10.5582
2.6392 -3.4850
-8.6292 7.6424
2.3700 -9.7278
-2.6202 2.8626
4.4372 -10.9654
-3.2438 0.1748
-5.5540 -13.3016
1.2960 10.6887
-2.5440 -2.5684
1.9012 3.3326
-4.8806 10.4182
-9.9677 -7.7301
10.7782 -2.7516
-1.3792 -1.8572
14.7314 -2.8995
-2.7016 -12.1640
0.2427 3.2298
0.4993 0.8928
-1.4964 1.6302
-2.7472 0.2930
-0.7505 0.4656
2.9082 -14.2871
-0.6749 12.4802
-8.1663 -9.4309
1.0445 -3.7167
1.2046 0.5327
1.7569 0.5186
11.7955 -0.6237
-1.6299 -2.0967
-2.5199 3.3636
-0.8867 0.1948
2.6331 0.3047
-2.4639 10.2285
0.2981 -0.6392
-0.7781 0.5701
10.4709 10.3060
-7.3035 10.0401
3.3565 3.6493
-3.5807 0.0906
-10.5098 10.1849
10.2255 -0.4365
8.5603 -7.1571
2.8228 2.2401
-1.8453 -0.6026
-10.5736 2.7870
-2.4996 3.8058
-8.9398 11.8539
1.2031 13.7469
-2.1875 -13.0250
11.5982 -0.8388
11.8769 5.2037
-9.4296 -11.8803
0.9527 3.0580
0.3726 0.5789
5.9679 9.9295
1.5467 -3.7530
3.2320 -0.5882
-12.8734 8.9382
-14.2127 -5.3920
-10.1149 -10.6450
3.2584 3.1202
-3.3624 2.0591
-1.0743 -1.5892
-0.7471 2.2254
9.9075 -11.7593
1.8834 -2.5274
-1.6826 -14.2546
2.2136 11.4343
-15.2765 4.3763
2.1910 1.6021
2.3204 -1.8191
3.5284 2.1575
-1.8272 3.6078
3.5943 -3.2508
11.2737 -10.5358